Introducing contestants...
* Player 1, weighing 544 bytes, "Oh, You Fork my TRALALA ..." ("HMMMM, my ding-ding-dong !!") !
* Player 2, weighing 338 bytes, "Wall" ("Werror(you) Wextra(me)") !
* Player 3, weighing 318 bytes, "Varimathras" ("If I have wings, why am I always walking?") !
* Player 4, weighing 681 bytes, "Ultimate Surrender" ("Y'en a qui vont prendre cher... :)") !
0x0000 : 03 00 00 00 00 03 ff ff ff fe 00 00 00 2a 0c 00 06 09 00 dd 01 00 00 00 00 00 00 0f ff ce 03 70 0f ff c0 03 70 0f ff b2 03 70 0f ff a4 03 70 0f ff 96 03 70 00 00 00 00 00 0f ff 7a 03 70 0f ff 
0x0040 : 6c 03 70 0f ff 5e 03 70 0f ff 00 00 00 00 ff 42 03 70 0f ff 34 03 70 0f ff 26 03 70 0f ff 18 00 00 00 00 00 03 70 0f fe fc 03 70 00 00 00 00 70 0f fe e0 03 70 0f fe d2 03 70 0f fe c2 00 00 00 
0x0080 : 01 00 03 70 0f fe a6 03 70 0f fe 98 03 70 0f fe 8a 03 70 00 00 00 00 00 ff 09 01 fa 70 0f fe 60 03 70 0f fe 52 00 00 00 00 00 00 00 00 fe 36 03 70 0f fe 28 03 70 0f fe 1a 03 70 0f fe 0c 03 00 
0x00c0 : 00 00 00 01 00 00 00 00 00 00 00 00 ff 49 01 00 00 03 82 0c 00 2b 01 00 00 07 64 0c 00 00 00 00 00 0f b8 0c 00 1b 01 00 00 00 e8 0c 00 13 ff ff ff 00 00 00 01 00 ff ff 0c ff f6 09 00 09 03 70 
0x0100 : 01 00 06 01 ff ff ff ff 0c ff f6 09 00 01 03 70 00 00 00 00 00 ff ff ff 0c ff f6 09 00 02 03 70 01 00 06 01 ff ff 00 00 00 00 f6 09 00 03 03 70 01 00 06 01 ff ff ff ff 0c ff f6 00 00 00 00 00 
0x0140 : 00 02 00 03 00 00 00 00 03 70 0e ff 35 03 70 0e fe 6a 03 70 0e fd 9f 03 70 00 00 00 00 00 0e fc 12 03 70 0e fb 47 03 70 0e fa 85 03 70 0e f9 00 00 00 00 f8 ef 03 70 0e f8 2d 03 70 0e f7 62 03 
0x0180 : 70 0e f6 97 00 00 00 00 00 03 70 0e f5 0a 03 70 0e f4 3f 03 70 0e f3 7d 03 70 0e f2 b2 03 70 0e f1 e7 03 00 00 00 00 03 70 0e f0 5a 03 70 0e ef 8f 03 70 0e ee cd 03 70 0e ee 02 03 70 0e ed 37 
0x01c0 : 03 70 0e ec 75 03 70 0e eb aa 00 00 00 00 00 00 00 00 ea 1d 03 70 0e e9 52 03 70 0e e8 87 03 70 0e e7 c5 03 70 0e e6 fa 03 70 0e e6 2f 03 70 0e e5 6d 03 70 0e e4 a2 03 70 0e e3 d7 03 70 0e e3 
0x0200 : 15 00 00 00 00 4a 03 70 0e e1 7f 03 70 0e e0 bd 03 70 01 00 06 01 ff ff ff ff 09 ff 24 0c ff 21 00 00 00 00 00 00 00 00 00 00 00 00 00 00 00 00 00 00 00 00 00 00 00 00 00 00 00 00 00 00 00 00 
0x0240 : 00 00 00 00 00 00 00 00 00 00 00 00 00 00 00 00 00 00 00 00 00 00 00 00 00 00 00 00 00 00 00 00 00 00 00 00 00 00 00 00 00 00 00 00 00 00 00 00 00 00 00 00 00 00 00 00 00 00 00 00 00 00 00 00 
0x0280 : 00 00 00 00 00 00 00 00 00 00 00 00 00 00 00 00 00 00 00 09 01 6d 00 00 00 00 00 00 00 00 00 00 00 00 00 00 00 00 00 00 00 00 00 00 00 00 00 00 00 00 00 00 00 00 00 00 00 00 00 00 00 00 00 00 
0x02c0 : 00 00 00 00 00 00 00 00 00 00 00 00 00 00 00 00 00 00 00 00 00 00 00 00 00 00 00 00 00 00 00 00 00 00 00 00 00 00 00 00 00 00 00 00 00 00 00 00 00 00 00 00 00 00 00 00 00 00 00 00 00 00 00 00 
0x0300 : 00 00 00 00 00 00 00 00 00 00 00 00 00 00 00 00 00 00 00 00 00 00 00 00 00 00 00 00 00 00 00 00 00 00 00 00 00 00 00 00 00 00 00 00 00 00 00 00 00 00 00 00 00 00 00 00 00 00 00 00 00 00 00 00 
0x0340 : 00 00 00 00 00 00 00 00 00 00 00 00 00 00 00 00 00 00 00 00 00 00 00 00 00 00 00 00 00 00 00 00 00 00 00 00 00 00 00 00 00 00 00 00 00 00 00 00 00 00 00 00 00 00 00 00 00 00 00 00 00 00 00 00 
0x0380 : 00 00 00 00 00 00 02 90 00 00 00 00 01 09 ff f9 00 00 02 90 00 00 00 00 01 09 ff f9 00 00 02 90 00 00 00 00 01 09 ff f9 00 00 02 90 00 00 00 00 01 09 ff f9 00 00 02 90 00 00 00 00 01 09 ff f9 
0x03c0 : 00 00 02 90 00 00 00 00 01 09 ff f9 00 00 02 90 00 00 00 00 01 09 ff f9 00 00 02 90 00 00 00 00 01 09 ff f9 00 00 02 90 00 00 00 00 01 09 ff f9 00 00 02 90 00 00 00 00 01 09 ff f9 00 00 00 00 
0x0400 : 02 90 00 00 00 00 0e 09 00 89 03 70 0f ff f8 0b 68 01 00 9e 00 01 0b 68 01 00 6b 00 01 0b 68 01 00 59 00 01 0b 68 01 00 6c 00 01 0b 68 01 00 23 00 01 0b 68 01 00 1c 00 09 0b 68 01 00 25 00 01 
0x0440 : 0b 68 01 00 1e 00 09 0b 68 01 00 17 00 11 01 ff ff ff fe 0c 00 3d 01 ff ff ff fe 0c ff f3 01 ff ff ff fe 0f 03 9d 01 ff ff ff fe 0f 07 95 01 ff ff ff fe 0f 0b 8d 01 ff ff ff fe 0c ff fb 10 40 
0x0480 : 01 01 ff ff ff fe 02 90 00 00 00 00 10 09 ff f4 01 ff ff ff fe 02 90 02 90 00 00 02 02 90 00 00 01 09 03 02 90 ff f9 00 00 04 0c ff e6 01 ff ff ff fe 03 70 02 fe d4 03 70 03 fe d3 03 70 04 fe 
0x04c0 : d2 03 70 02 fe d1 03 70 03 fe d0 03 70 04 fe cf 03 70 02 fe ce 03 70 03 fe cd 03 70 04 fe cc 03 70 02 fe cb 03 70 03 fe ca 03 70 04 fe c9 03 70 02 fe c8 03 70 03 fe c7 03 70 04 fe c6 03 70 02 
0x0500 : fe c5 03 70 03 fe c4 03 70 04 fe c3 03 70 02 fe c2 03 70 03 fe c1 03 70 04 fe c0 03 70 02 fe bf 03 70 03 fe be 03 70 04 fe bd 03 70 02 fe bc 03 70 03 fe bb 03 70 04 fe ba 03 70 02 fe b9 03 70 
0x0540 : 03 fe b8 03 70 04 fe b7 02 90 00 00 00 00 10 09 ff 5e 00 00 00 00 00 00 00 00 00 00 00 00 00 00 00 00 00 00 00 00 00 00 00 00 00 00 00 00 00 00 00 00 00 00 00 00 00 00 00 00 00 00 00 00 00 00 
0x0580 : 00 00 00 00 00 00 00 00 00 00 00 00 00 00 00 00 00 00 00 00 00 00 00 00 00 00 00 00 00 00 00 00 00 00 00 00 00 00 00 00 00 00 00 00 00 00 00 00 00 00 00 00 00 00 00 00 00 00 00 00 00 00 00 00 
0x05c0 : 00 00 00 00 00 00 00 00 00 00 00 00 00 00 00 00 00 00 00 00 00 00 00 00 00 00 00 00 00 00 00 00 00 00 00 00 00 00 00 00 00 00 00 00 00 00 00 00 00 00 00 00 00 00 00 00 00 00 00 00 00 00 00 00 
0x0600 : 00 00 00 00 00 00 00 00 00 00 00 00 00 00 00 00 00 00 00 00 00 00 00 00 00 00 00 00 00 00 00 00 00 00 00 00 00 00 00 00 00 00 00 00 00 00 00 00 00 00 00 00 00 00 00 00 00 00 00 00 00 00 00 00 
0x0640 : 00 00 00 00 00 00 00 00 00 00 00 00 00 00 00 00 00 00 00 00 00 00 00 00 00 00 00 00 00 00 00 00 00 00 00 00 00 00 00 00 00 00 00 00 00 00 00 00 00 00 00 00 00 00 00 00 00 00 00 00 00 00 00 00 
0x0680 : 00 00 00 00 00 00 00 00 00 00 00 00 00 00 00 00 00 00 00 00 00 00 00 00 00 00 00 00 00 00 00 00 00 00 00 00 00 00 00 00 00 00 00 00 00 00 00 00 00 00 00 00 00 00 00 00 00 00 00 00 00 00 00 00 
0x06c0 : 00 00 00 00 00 00 00 00 00 00 00 00 00 00 00 00 00 00 00 00 00 00 00 00 00 00 00 00 00 00 00 00 00 00 00 00 00 00 00 00 00 00 00 00 00 00 00 00 00 00 00 00 00 00 00 00 00 00 00 00 00 00 00 00 
0x0700 : 00 00 00 00 00 00 00 00 00 00 00 00 00 00 00 00 00 00 00 00 00 00 00 00 00 00 00 00 00 00 00 00 00 00 00 00 00 00 00 00 00 00 00 00 00 00 00 00 00 00 00 00 00 00 00 00 00 00 00 00 00 00 00 00 
0x0740 : 00 00 00 00 00 00 00 00 00 00 00 00 00 00 00 00 00 00 00 00 00 00 00 00 00 00 00 00 00 00 00 00 00 00 00 00 00 00 00 00 00 00 00 00 00 00 00 00 00 00 00 00 00 00 00 00 00 00 00 00 00 00 00 00 
0x0780 : 00 00 00 00 00 00 00 00 00 00 00 00 00 00 00 00 00 00 00 00 00 00 00 00 00 00 00 00 00 00 00 00 00 00 00 00 00 00 00 00 00 00 00 00 00 00 00 00 00 00 00 00 00 00 00 00 00 00 00 00 00 00 00 00 
0x07c0 : 00 00 00 00 00 00 00 00 00 00 00 00 00 00 00 00 00 00 00 00 00 00 00 00 00 00 00 00 00 00 00 00 00 00 00 00 00 00 00 00 00 00 00 00 00 00 00 00 00 00 00 00 00 00 00 00 00 00 00 00 00 00 00 00 
0x0800 : 00 00 02 90 ff ff ff fd 09 02 90 00 00 02 90 01 02 90 09 02 90 00 02 0b 68 01 ff e9 00 00 0b 68 09 ff e2 00 04 0b 68 02 ff db 00 08 02 90 00 00 00 00 01 02 90 00 00 00 04 03 02 90 00 00 00 58 
0x0840 : 04 0b 68 09 00 1c 00 01 0b 68 09 00 20 00 01 0b 68 09 00 24 00 01 0b 68 09 00 2f 00 01 01 ff ff ff fd 0a 94 ff fb 01 02 01 ff ff ff fd 0b 64 02 00 d1 01 01 ff ff ff fd 04 54 01 03 01 08 54 01 
0x0880 : 04 10 09 00 16 01 ff ff ff fd 06 a4 00 00 00 00 00 00 00 00 10 09 ff c8 02 90 00 00 00 00 01 06 a4 00 00 00 00 00 00 00 00 10 09 00 94 01 00 00 00 00 01 00 00 00 00 01 00 00 00 00 01 00 00 00 
0x08c0 : 00 01 00 00 00 00 01 00 00 00 00 01 00 00 00 00 01 00 00 00 00 01 00 00 00 00 01 00 00 00 00 01 00 00 00 00 01 00 00 00 00 01 00 00 00 00 01 00 00 00 00 01 00 00 00 00 01 00 00 00 00 01 00 00 
0x0900 : 00 00 01 00 00 00 00 01 00 00 00 00 01 00 00 00 00 01 00 00 00 00 01 00 00 00 00 01 00 00 00 00 01 00 00 00 00 01 00 00 00 00 01 00 00 00 00 01 00 00 00 00 01 00 00 00 00 01 00 00 00 00 01 ff 
0x0940 : ff ff fd 0a 94 ff fb 01 02 01 ff ff ff fd 0b 64 02 00 d1 01 01 ff ff ff fd 04 54 01 03 01 08 54 01 04 10 09 00 16 01 ff ff ff fd 06 a4 00 00 00 00 00 00 00 00 10 09 ff c8 02 90 00 00 00 00 01 
0x0980 : 06 a4 00 00 00 00 00 00 00 00 10 09 00 94 01 00 00 00 00 01 00 00 00 00 00 00 00 00 00 00 00 00 00 00 00 00 00 00 00 00 00 00 00 00 00 00 00 00 00 00 00 00 00 00 00 00 00 00 00 00 00 00 00 00 
0x09c0 : 00 00 00 00 00 00 00 00 00 00 00 00 00 00 00 00 00 00 00 00 00 00 00 00 00 00 00 00 00 00 00 00 00 00 00 00 00 00 00 00 00 00 00 00 00 00 00 00 00 00 00 00 00 00 00 00 00 00 00 00 00 00 00 00 
0x0a00 : 00 00 00 00 00 00 00 00 00 00 00 00 00 00 00 00 00 00 00 00 00 00 00 00 00 00 00 00 00 00 00 01 ff ff ff fd 0a 94 ff fb 01 02 01 ff ff ff fd 0b 64 02 00 d1 01 01 ff ff ff fd 04 54 01 03 01 08 
0x0a40 : 54 01 04 10 09 00 16 01 ff ff ff fd 06 a4 00 00 00 00 00 00 00 00 10 09 ff c8 02 90 00 00 00 00 01 06 a4 00 00 00 00 00 00 00 00 10 09 00 94 01 00 00 00 00 01 00 00 00 00 00 00 00 00 00 00 00 
0x0a80 : 00 00 00 00 00 00 00 00 00 00 00 00 00 00 00 00 00 00 00 00 00 00 00 00 00 00 00 00 00 00 00 00 00 00 00 00 00 00 00 00 00 00 00 00 00 00 00 00 00 00 00 00 00 00 00 00 00 00 00 00 00 00 00 00 
0x0ac0 : 00 00 00 00 00 00 00 00 00 00 00 00 00 00 00 00 00 00 00 00 00 00 00 00 00 00 00 00 00 00 00 00 00 00 00 00 00 00 00 00 00 00 00 00 00 00 00 00 00 00 00 00 00 00 00 00 00 00 00 00 00 00 00 00 
0x0b00 : 01 ff ff ff fd 0a 94 ff fb 01 02 01 ff ff ff fd 0b 64 02 00 d1 01 01 ff ff ff fd 04 54 01 03 01 08 54 01 04 10 09 00 16 01 ff ff ff fd 06 a4 00 00 00 00 00 00 00 00 10 09 ff c8 02 90 00 00 00 
0x0b40 : 00 01 06 a4 00 00 00 00 00 00 00 00 10 09 00 94 01 00 00 00 00 01 00 00 00 00 00 00 00 00 00 00 00 00 00 00 00 00 00 00 00 00 00 00 00 00 00 00 00 00 00 00 00 00 00 00 00 00 00 00 00 00 00 00 
0x0b80 : 00 00 00 00 00 00 00 00 00 00 00 00 00 00 00 00 00 00 00 00 00 00 00 00 00 00 00 00 00 00 00 00 00 00 00 00 00 00 00 00 00 00 00 00 00 00 00 00 00 00 00 00 00 00 00 00 00 00 00 00 00 00 00 00 
0x0bc0 : 00 00 00 00 00 00 00 00 00 00 00 00 00 00 00 00 00 00 00 00 00 00 00 00 00 00 00 00 00 00 00 00 00 01 ff ff ff fd 0a 94 ff fb 01 02 01 ff ff ff fd 0b 64 02 00 d1 01 01 ff ff ff fd 04 54 01 03 
0x0c00 : 01 08 54 01 04 10 09 00 16 01 ff ff ff fd 06 a4 00 00 00 00 00 00 00 00 10 09 ff c8 02 90 00 00 00 00 01 06 a4 00 00 00 00 00 00 00 00 10 09 00 94 01 00 00 00 00 01 00 00 d3 0f ff d0 0f ff cd 
0x0c40 : 0f ff ca 0f ff c7 0f ff c4 0f ff c1 0f ff be 0f ff bb 0f ff b8 0f ff b5 0f ff b2 0f ff af 0f ff ac 0f ff a9 0f ff a6 0f ff a3 0f ff a0 0f ff 9d 0f ff 9a 0f ff 97 0f ff 94 0f ff 91 0f ff 8e 0f 
0x0c80 : ff 8b 0f ff 88 0f ff 85 0f ff 82 0f ff 7f 0f ff 7c 0f ff 79 0f ff 76 0f ff 73 0f ff 70 0f ff 6d 0f ff 6a 0f ff 67 0f ff 64 0f ff 61 0f ff 5e 0f ff 5b 0f ff 58 0f ff 55 0f ff 52 0f ff 4f 0f ff 
0x0cc0 : 00 00 01 ff ff ff fd 0a 94 ff fb 01 02 01 ff ff ff fd 0b 64 02 00 d1 01 01 ff ff ff fd 04 54 01 03 01 08 54 01 04 10 09 00 16 01 ff ff ff fd 06 a4 00 00 00 00 00 00 00 00 10 09 ff c8 02 90 00 
0x0d00 : 00 00 00 01 06 a4 00 00 00 00 00 00 00 00 10 09 00 94 01 00 00 00 00 01 00 00 f2 0f fe ef 0f fe ec 0f fe e9 0f fe e6 0f fe e3 0f fe e0 0f fe dd 0f fe da 0f fe d7 0f fe d4 0f fe d1 0f fe ce 0f 
0x0d40 : fe cb 0f fe c8 0f fe c5 0f fe c2 0f fe bf 0f fe bc 0f fe b9 0f fe b6 0f fe b3 0f fe b0 0f fe ad 0f fe aa 0f fe a7 0f fe a4 0f fe a1 0f fe 9e 0f fe 9b 0f fe 98 0f fe 95 0f fe 92 0f fe 8f 0f fe 
0x0d80 : 8c 0f fe 89 0f fe 86 0f fe 83 0f fe 80 0f fe 7d 0f fe 7a 0f fe 77 0f fe 74 0f fe 71 0f fe 6e 0f fe 6b 0f 01 ff ff ff fd 0a 94 ff fb 01 02 01 ff ff ff fd 0b 64 02 00 d1 01 01 ff ff ff fd 04 54 
0x0dc0 : 01 03 01 08 54 01 04 10 09 00 16 01 ff ff ff fd 06 a4 00 00 00 00 00 00 00 00 10 09 ff c8 02 90 00 00 00 00 01 06 a4 00 00 00 00 00 00 00 00 10 09 00 94 01 00 00 00 00 01 00 00 11 0f fe 0e 03 
0x0e00 : 70 04 fe 09 09 00 72 0f fe 03 0f fe 00 0f fd fd 0f fd fa 0f fd f7 0f fd f4 0f fd f1 0f fd ee 0f fd eb 0f fd e8 0f fd e5 0f fd e2 0f fd df 0f fd dc 0f fd d9 0f fd d6 0f fd d3 0f fd d0 0f fd cd 
0x0e40 : 0f fd ca 0f fd c7 0f fd c4 0f fd c1 0f fd be 0f fd bb 0f fd b8 0f fd b5 0f fd b2 0f fd af 0f fd ac 0f fd a9 0f fd a6 0f fd a3 0f fd a0 0f fd 9d 0f fd 9a 0f fd 97 03 70 01 00 06 01 ff ff ff fc 
0x0e80 : 02 90 03 70 01 ff ff ff fd 0a 94 ff fb 01 02 01 ff ff ff fd 0b 64 02 00 d1 01 01 ff ff ff fd 04 54 01 03 01 08 54 01 04 10 09 00 16 01 ff ff ff fd 06 a4 00 00 00 00 00 00 00 00 10 09 ff c8 02 
0x0ec0 : 90 00 00 00 00 01 06 a4 00 00 00 00 00 00 00 00 10 09 00 94 01 00 00 00 00 01 00 00 00 00 00 00 00 00 00 00 00 00 00 00 00 00 00 00 00 00 00 00 00 00 00 00 00 00 00 00 00 00 00 00 00 00 00 00 
0x0f00 : 00 00 00 00 00 00 00 00 00 00 00 00 00 00 00 00 00 00 00 00 00 00 00 00 00 00 00 00 00 00 00 00 00 00 00 00 00 00 00 00 00 00 00 00 00 00 00 00 00 00 00 00 00 00 00 00 00 00 00 00 00 00 00 00 
0x0f40 : 00 00 00 00 00 00 00 00 00 00 00 00 00 00 00 00 00 00 00 00 00 00 00 00 00 00 00 00 00 00 00 00 00 00 00 00 00 00 00 00 00 00 00 00 00 00 00 00 00 00 00 00 00 00 00 00 00 00 00 00 00 00 00 00 
0x0f80 : 00 00 00 00 00 00 00 00 00 00 00 00 00 00 00 00 00 00 00 00 00 00 00 00 00 00 00 00 00 00 00 00 00 00 00 00 00 00 00 00 00 00 00 00 00 00 00 00 00 00 00 00 00 00 00 00 00 00 01 00 00 00 00 00 
0x0fc0 : 00 00 00 00 00 00 00 00 00 00 00 00 00 00 00 00 00 00 00 00 00 00 00 00 00 00 00 00 00 00 00 00 00 00 00 00 00 00 00 00 00 00 00 00 00 00 00 00 00 00 00 00 00 00 00 00 00 00 00 00 00 00 00 00 
