Introducing contestants...
* Player 1, weighing 490 bytes, "fluttershy" ("oh, my, what a scary project") !
* Player 2, weighing 325 bytes, "Celebration Funebre v0.99pl42" ("Jour J") !
* Player 3, weighing 281 bytes, "Tching tching(Intercepteur), Bouh!Bouh!(bruits d'anti-jeu)" ("") !
* Player 4, weighing 430 bytes, "bigzork" ("I know i cant win") !
0x0000 : 0c 00 90 03 70 01 00 06 01 ff ff ff fe 0c 01 71 03 0b 54 06 02 03 09 01 8b ff 0c 00 f1 ff ff ff ff 00 00 00 00 ff fe 0c ff fb 0b 68 01 00 34 00 01 ff ff ff fe 00 00 00 00 00 00 00 00 00 00 00 
0x0040 : 00 00 00 00 00 00 00 00 00 00 00 00 00 00 00 00 00 00 00 00 00 03 09 00 00 00 00 03 09 ff 31 ff ff ff fe 00 00 00 00 00 00 00 00 02 03 02 0b 64 04 ff af 02 04 54 02 03 02 01 ff ff ff fe 08 54 
0x0080 : 02 05 0f 09 ff a7 02 90 00 00 00 00 10 09 ff d1 03 70 01 00 06 01 ff ff ff fe 0c ff fb 03 70 01 00 3a 03 70 01 00 3a 03 70 01 00 3a 03 70 01 00 3a 00 00 00 00 03 09 01 8b 00 3a 03 70 01 00 3a 
0x00c0 : 03 70 01 00 3a 03 70 01 00 3a 03 70 01 00 3a 02 90 00 00 00 00 10 01 ff ff ff fe 01 ff ff ff fe 01 ff ff ff fe 01 ff ff ff ff 01 ff ff ff ff 01 ff ff ff ff 01 ff ff ff ff 01 ff ff ff ff 01 ff 
0x0100 : ff ff ff 01 ff ff ff ff 09 ff ce 03 70 01 00 06 01 ff ff ff ff 0c ff fb 0b 68 01 00 34 00 01 03 70 0b 54 06 02 00 00 00 01 0b 68 01 00 3e 00 01 02 90 00 00 00 00 02 02 90 00 00 00 06 03 02 90 
0x0140 : 09 00 00 09 04 02 90 00 00 00 b4 05 01 ff ff ff fe 0b 64 04 00 99 02 00 00 00 00 03 09 00 00 00 00 02 04 54 02 03 02 01 ff ff ff ff 08 54 02 05 0f 09 ff a7 02 90 00 00 00 00 10 09 ff d1 ff ff 
0x0180 : ff ff 00 00 00 03 09 01 8b ff fb 02 90 00 00 00 00 02 02 90 00 00 00 04 03 02 90 00 00 00 60 05 0b 68 01 00 33 00 01 03 70 01 00 06 01 ff ff ff fe 0a 94 ff da 02 04 0b 64 04 01 90 02 04 54 02 
0x01c0 : 03 02 0a 94 ff c9 02 04 0b 64 04 01 7f 02 04 54 02 03 02 01 ff ff ff fe 08 54 02 05 0f 09 01 6a 02 0b 54 06 02 03 09 01 8b c5 09 00 00 09 09 00 00 09 00 00 00 00 00 00 00 00 00 00 00 00 00 00 
0x0200 : 00 00 00 00 00 00 00 00 00 00 00 00 00 00 00 00 00 00 00 00 00 00 00 00 00 00 00 00 00 00 00 00 00 00 00 00 00 00 00 00 00 00 00 00 00 00 00 00 00 00 00 00 00 00 00 00 00 00 00 00 00 00 00 00 
0x0240 : 00 00 00 00 00 03 09 01 8b 00 00 00 00 00 00 00 00 00 00 00 00 00 00 00 00 00 00 00 00 00 00 00 00 00 00 00 00 00 00 00 00 00 00 03 09 fe eb 00 00 00 00 00 00 00 00 00 00 00 00 00 00 00 00 00 
0x0280 : 00 00 00 00 00 00 00 00 00 00 00 00 00 00 00 00 00 00 00 00 00 00 00 00 00 00 00 00 00 00 00 00 00 00 00 00 00 00 00 00 00 00 00 00 00 00 00 00 00 00 00 00 00 03 09 01 8b 00 00 00 00 00 00 00 
0x02c0 : 00 00 00 00 00 00 00 00 00 00 00 00 00 00 00 00 00 00 00 00 00 00 00 00 00 00 00 00 00 00 00 00 00 00 00 00 00 00 00 00 00 00 00 00 00 00 00 00 00 00 00 00 00 00 00 00 00 00 00 00 00 00 00 00 
0x0300 : 00 00 00 00 00 00 00 00 00 00 00 03 09 ff 31 00 00 00 00 00 00 03 09 01 8b 00 00 00 00 00 00 00 00 00 00 00 00 00 00 00 00 00 00 00 00 00 00 00 00 00 00 00 00 00 00 00 00 00 00 00 00 00 00 00 
0x0340 : 00 00 00 00 00 00 00 02 90 ff ff ff ff ff ff fe 00 00 00 04 03 02 90 00 00 00 60 05 0b 68 01 00 33 00 01 ff ff ff fe 00 00 00 00 00 01 ff ff ff 00 0b 54 06 02 00 00 00 00 03 09 ff 31 fe eb 00 
0x0380 : 00 00 00 00 00 00 00 00 00 00 00 00 01 ff ff ff ff ff ff fe 00 00 0e 09 00 00 00 00 00 00 00 00 00 00 00 00 00 00 00 00 00 00 00 00 00 00 00 00 00 00 00 00 00 00 00 00 00 00 00 00 00 00 00 00 
0x03c0 : 00 00 00 00 00 00 00 00 00 00 00 00 00 00 00 00 00 00 00 00 00 03 09 01 8b 00 00 00 00 00 00 00 00 00 00 00 00 00 00 00 00 00 00 00 00 00 00 00 00 00 00 00 00 00 00 00 00 00 00 00 00 00 00 00 
0x0400 : 02 90 00 00 00 00 03 09 00 3e 00 00 00 01 ff ff ff fe 00 00 00 00 00 0e 09 ff 38 01 ff ff ff fe 00 00 00 00 00 0e 09 ff 38 01 ff ff ff fe 00 00 00 00 00 0e 09 ff 38 01 ff ff ff fe 0b 00 00 00 
0x0440 : 00 00 00 00 00 03 ff ff ff fe 0e 09 ff 38 00 00 00 00 00 0e ff ff ff fe 68 01 ff b6 00 01 0b 68 01 ff af 00 0f 0b 68 01 ff a8 00 1d 0b 68 01 ff a1 00 2b 0b 68 01 ff 9a 00 39 0b 68 01 ff 93 00 
0x0480 : 47 02 90 00 06 00 00 0b 54 06 02 03 09 fe eb 02 90 00 00 00 01 0b 02 0b 54 06 02 03 09 ff 31 00 00 00 00 00 00 03 09 01 8b 04 54 04 0c 04 05 54 0a 0b 0a 09 ff ce 0c ff e7 01 00 00 00 03 0c 00 
0x04c0 : 28 01 00 00 00 04 0c 00 45 01 00 00 00 2a 0a a4 00 08 ff 3f 0f 02 90 ff ff ff 46 0e 02 90 00 00 00 00 02 09 ff 24 01 00 00 00 2a 0c 00 3d 01 00 00 00 2a 0a a4 00 04 ff 1a 0f 02 90 ff ff ff 42 
0x0500 : 0e 00 00 00 00 03 09 01 8b 00 00 00 00 03 09 ff 31 a4 00 0c fe fd 0f 02 90 ff ff ff 4a 0e 02 90 00 00 00 00 02 09 fe e2 01 00 00 00 2a 0a a4 00 00 fe e0 0f 02 90 ff ff ff 3e 0e 02 90 00 00 00 
0x0540 : 00 02 09 fe c5 00 00 00 00 00 00 00 00 00 00 00 00 00 00 00 00 00 00 00 00 00 00 00 00 00 00 00 00 00 00 00 00 03 09 01 8b 00 00 00 00 00 00 00 00 00 00 00 00 00 00 00 00 00 00 00 00 00 00 00 
0x0580 : 00 00 00 00 00 00 00 00 00 00 00 00 00 00 00 00 00 00 00 00 00 00 00 0b 54 06 02 03 09 fe eb 00 00 00 00 00 00 00 00 00 00 00 00 00 00 00 00 00 00 00 00 00 00 00 00 00 00 00 00 00 00 00 00 00 
0x05c0 : 00 00 00 00 00 00 00 00 00 00 00 00 00 00 00 00 00 0b 54 06 02 03 09 01 8b ff 31 00 00 00 00 00 00 00 00 00 00 00 00 00 00 00 00 00 00 00 00 00 00 00 00 00 00 00 00 00 00 00 00 00 00 00 00 00 
0x0600 : 00 00 00 00 00 00 00 00 00 00 00 00 00 00 00 00 00 00 00 00 00 00 00 00 00 00 00 00 00 00 00 00 00 00 00 00 00 00 00 0b 54 06 02 03 09 ff 31 00 00 0b 54 06 02 03 09 01 8b 00 00 00 00 00 00 00 
0x0640 : 00 00 00 00 00 00 00 00 00 00 00 00 00 00 00 00 00 00 00 00 00 00 00 00 00 00 00 00 00 00 00 00 00 00 00 00 00 00 00 00 00 00 00 00 00 00 00 00 00 00 00 00 00 00 00 00 00 00 00 00 00 00 00 00 
0x0680 : 00 00 00 00 00 00 00 00 00 00 00 00 00 00 00 00 00 0b 54 06 02 03 09 01 8b 00 00 00 00 00 00 00 00 03 09 ff 31 00 00 0b 54 06 02 03 09 fe eb 00 00 00 00 00 00 00 00 00 00 00 00 00 00 00 00 00 
0x06c0 : 00 00 00 00 00 00 00 00 00 00 00 00 00 00 00 00 00 00 00 00 00 00 00 00 00 00 00 00 00 00 00 00 00 00 00 00 00 00 00 00 00 00 00 00 00 00 00 00 00 00 00 00 00 03 09 01 8b 00 00 00 00 00 00 00 
0x0700 : 00 00 00 00 00 00 00 00 00 00 00 00 00 00 00 00 00 00 00 00 00 00 00 00 00 00 00 00 00 00 00 00 00 00 00 00 00 00 00 00 00 00 00 00 00 00 00 00 00 00 00 00 00 00 00 00 00 00 00 00 00 00 00 00 
0x0740 : 00 00 00 00 00 00 00 00 00 00 00 00 00 00 00 00 00 00 00 00 00 00 00 00 00 00 00 00 00 00 00 00 00 0b 54 06 02 03 09 01 8b 06 02 03 09 ff 31 00 00 00 00 00 00 00 00 00 00 00 00 00 00 00 00 00 
0x0780 : 00 00 00 00 00 00 00 00 00 00 00 00 00 00 00 00 00 00 00 00 00 00 00 00 00 00 00 00 00 00 00 00 00 00 00 00 00 00 00 00 00 00 00 00 00 00 00 00 00 00 00 00 00 00 00 00 00 00 00 03 09 ff 31 00 
0x07c0 : 00 00 00 00 00 03 09 01 8b 00 00 00 00 00 00 00 00 00 00 00 00 00 00 00 00 00 00 00 00 00 00 00 00 00 00 00 00 00 00 00 00 00 00 00 00 00 00 00 00 00 00 00 00 00 00 00 00 00 00 00 00 00 00 00 
0x0800 : 0c 00 6a 02 90 ff ff fe f0 03 01 00 00 00 00 0c 00 2f 02 90 ff ff fe f0 03 0c 00 14 02 90 00 00 00 0b 54 06 02 03 09 01 8b 04 09 00 8b 02 90 00 00 0b 54 06 02 03 09 ff 31 00 04 09 00 7a 02 90 
0x0840 : ff ff ff 36 03 0c 00 14 02 90 00 00 00 00 02 02 90 00 00 00 00 04 09 00 93 02 90 00 00 00 04 02 02 90 00 00 00 00 04 09 00 82 02 90 00 00 01 90 03 01 00 00 00 00 0c 00 28 0c 00 14 02 90 00 00 
0x0880 : 00 00 00 00 00 03 09 01 8b 04 09 00 45 02 90 00 00 00 04 02 02 90 00 00 00 00 04 09 00 34 0c 00 0d 02 90 00 00 00 00 04 09 00 5b 02 90 00 00 00 00 04 09 00 5c 0a 64 02 00 12 06 02 90 00 00 00 
0x08c0 : 00 04 01 00 00 00 01 0b 54 06 02 03 09 fe eb 0a 64 02 00 12 06 02 90 00 00 00 00 04 01 00 00 00 01 0b 54 06 02 03 09 01 8b 0a 64 02 00 12 06 02 90 0b 54 06 02 03 09 01 8b 00 01 0b 54 06 02 03 
0x0900 : 09 ff 31 01 00 00 00 01 0c ff fb 09 ff f8 01 00 00 00 01 0c ff fb 09 ff f8 00 00 00 00 00 00 00 00 00 00 00 00 00 00 00 00 00 00 00 00 00 00 00 00 00 00 00 00 00 00 00 00 00 00 00 00 00 00 00 
0x0940 : 00 00 00 00 00 00 00 0b 54 0b 54 06 02 03 09 ff 31 0b 54 0b 54 06 02 03 09 ff 31 00 00 00 00 00 00 00 00 00 00 00 00 00 00 00 00 00 00 00 00 00 00 00 00 00 00 00 00 00 00 00 00 00 00 00 00 00 
0x0980 : 00 00 00 00 00 00 00 00 00 00 00 00 00 00 00 00 00 00 00 00 00 00 00 00 00 00 00 00 00 00 00 00 00 00 00 00 00 00 00 00 00 00 00 00 00 00 00 00 00 0b 54 0b 54 06 02 03 09 ff 31 00 00 00 00 00 
0x09c0 : 00 00 00 00 00 00 00 00 00 00 00 00 00 00 00 00 00 00 00 00 00 00 00 00 00 00 00 00 00 00 00 00 00 00 00 00 00 00 00 00 00 00 00 00 00 00 00 00 00 00 00 00 00 00 00 00 00 00 00 00 00 00 00 00 
0x0a00 : 00 00 00 00 00 00 00 00 00 00 00 00 00 00 00 00 00 00 00 00 00 03 09 01 8b 00 00 00 00 00 00 00 00 00 00 00 00 00 00 00 00 00 00 00 00 00 00 00 00 00 00 00 00 00 00 00 00 00 00 00 00 00 00 00 
0x0a40 : 00 00 00 00 00 00 00 00 00 00 00 00 00 00 00 00 00 00 00 00 00 00 00 00 00 00 00 00 00 00 00 00 00 00 00 00 00 00 00 00 00 00 00 00 00 00 00 00 00 0b 54 0b 54 03 09 01 8b ff 31 00 00 00 00 00 
0x0a80 : 00 0b 54 0b 54 06 02 03 09 ff 31 00 00 00 00 00 00 00 00 00 00 00 00 00 00 00 00 00 00 00 00 00 00 00 00 00 00 00 00 00 00 00 00 00 00 00 00 00 00 00 00 00 00 00 00 00 00 00 00 00 00 00 00 00 
0x0ac0 : 00 00 00 00 00 00 00 00 00 00 00 00 00 00 00 00 00 00 00 00 00 00 00 0b 54 0b 54 06 02 03 09 ff 31 0b 54 0b 54 06 02 03 09 ff 31 00 00 00 00 00 00 00 00 00 00 00 00 00 00 00 00 00 00 00 00 00 
0x0b00 : 00 00 00 00 00 00 00 00 00 00 00 00 00 00 00 00 00 00 00 00 00 00 00 00 00 00 00 00 00 00 00 00 00 00 00 00 00 00 00 00 00 00 00 00 00 00 00 00 00 00 00 00 00 00 00 00 00 00 00 00 00 00 00 00 
0x0b40 : 00 0b 54 0b 54 06 02 03 09 ff 31 00 00 00 00 00 00 00 00 00 00 00 00 00 00 00 00 00 00 00 00 00 00 00 00 00 00 00 00 00 00 00 00 00 00 00 00 00 00 00 00 00 00 00 00 00 00 00 00 00 00 00 00 00 
0x0b80 : 00 00 00 00 00 00 00 00 00 00 00 00 00 00 00 00 00 00 00 00 00 00 00 00 00 00 00 00 00 00 00 00 00 00 00 00 00 03 09 01 8b 00 00 00 00 00 00 00 00 00 00 00 00 00 00 00 00 00 00 00 00 00 00 00 
0x0bc0 : 00 00 00 00 00 00 00 00 00 00 00 00 00 00 00 00 00 00 00 00 00 00 00 00 00 00 00 00 00 00 00 00 00 00 00 00 00 00 00 00 00 00 00 00 00 00 00 00 00 00 00 00 00 00 00 00 00 00 00 00 00 00 00 00 
0x0c00 : 02 0b 54 06 02 03 09 01 8b 00 00 03 09 fe eb 00 d3 0b 54 0b 54 06 02 03 09 ff 31 03 70 01 00 d3 03 70 01 00 d3 03 70 01 00 d3 03 70 01 00 d3 03 70 01 00 d3 03 70 01 00 d3 03 70 01 00 d3 03 70 
0x0c40 : 01 00 d3 03 70 01 00 d3 03 70 01 00 d3 03 70 01 00 d3 03 70 01 00 d3 03 70 01 00 d3 03 70 01 00 d3 03 70 01 00 d3 03 70 01 00 d3 03 70 01 00 d3 03 0b 54 06 02 03 09 01 8b d3 03 70 01 00 d3 03 
0x0c80 : 70 01 00 d3 03 70 01 00 d3 03 70 01 00 d3 03 70 01 00 d3 03 70 01 00 d3 03 70 01 00 d3 03 70 01 00 d3 03 70 01 00 d3 03 70 01 00 d3 03 70 01 00 d3 03 70 01 00 d3 03 70 01 00 d3 03 70 01 00 d3 
0x0cc0 : 03 70 01 00 d3 03 70 01 00 d3 03 70 01 00 d3 03 70 0b 54 06 02 00 00 00 01 01 ff ff ff fc 01 ff ff ff fc 01 ff ff ff fe 01 ff ff ff fe 01 ff ff ff fe 54 ff ff ff fe fe ff ff ff fe 01 ff ff ff 
0x0d00 : fe 01 ff ff ff fe 01 ff ff ff fe 01 ff ff ff fe 01 ff ff ff fe 01 ff ff ff fe 02 ff ff ff fe 01 ff ff ff fe 01 ff ff ff fe 01 ff ff ff fe 01 ff ff ff fe 06 ff ff ff fe 54 ff ff ff fe ff ff ff 
0x0d40 : ff fe 01 ff ff ff fe 01 ff ff ff fe 01 ff ff ff fe 01 ff ff ff fe 01 ff ff ff fe 01 ff ff ff fe 01 ff ff ff fe 01 ff ff ff fe 01 ff ff ff fe 01 ff ff ff fe 01 ff ff ff fe 01 ff ff ff fe 01 ff 
0x0d80 : ff ff fe 01 ff ff ff fe 01 ff ff ff fe 01 ff ff ff fe 54 ff ff 03 09 01 8b ff ff fe 01 ff ff ff fe 00 00 00 00 03 09 01 8b ff fd 09 ff 2e 00 00 00 00 00 00 00 00 00 00 00 00 00 00 00 00 00 00 
0x0dc0 : 00 00 00 00 00 00 00 00 00 00 00 00 00 00 00 00 00 00 00 00 00 00 00 00 00 00 00 00 00 00 00 00 00 00 00 00 00 00 00 00 00 00 00 00 00 00 00 00 00 00 00 00 00 00 00 00 00 00 00 00 00 00 00 00 
0x0e00 : 00 00 00 00 00 03 09 01 8b 00 00 00 00 00 00 00 00 00 00 00 00 00 00 00 00 00 00 00 00 00 00 00 00 00 00 00 00 00 00 00 00 00 00 03 09 fe eb 00 00 00 00 00 00 00 00 00 00 00 00 00 00 00 00 00 
0x0e40 : 00 00 00 00 00 00 00 00 00 00 00 00 00 00 00 00 00 00 00 00 00 00 00 00 00 00 00 00 00 00 00 00 00 00 00 00 00 00 00 00 00 00 00 00 00 00 00 00 00 00 00 00 00 00 00 00 00 00 00 00 00 00 00 00 
0x0e80 : 00 0b 54 0b 54 06 02 03 09 ff 31 00 00 00 00 00 00 00 00 00 00 00 00 00 00 00 00 00 00 00 00 00 00 00 00 00 00 00 00 00 00 00 00 00 00 00 00 00 00 00 00 00 00 00 00 00 00 00 00 00 00 00 00 00 
0x0ec0 : 00 0b 54 0b 54 06 02 03 09 ff 31 03 09 ff 31 00 00 00 00 00 00 00 00 00 00 00 00 00 00 00 00 00 00 00 00 00 00 00 00 00 00 00 00 00 00 00 00 00 00 00 00 00 00 00 00 00 00 00 00 00 00 00 00 00 
0x0f00 : 00 00 00 00 00 00 00 00 00 00 00 00 00 00 00 00 00 00 00 00 00 00 00 00 00 00 00 00 00 00 00 00 00 0b 54 0b 54 06 02 03 09 ff 31 00 00 00 00 00 00 00 00 00 00 00 00 00 00 00 00 03 09 fe eb 00 
0x0f40 : 00 00 00 00 00 00 00 00 00 00 00 00 00 00 00 00 00 00 00 00 00 00 00 00 00 00 00 00 00 00 00 00 00 00 00 00 00 00 00 00 00 00 00 00 00 00 00 00 00 00 00 00 00 00 00 00 00 00 00 00 00 00 00 00 
0x0f80 : 00 00 00 00 00 00 00 00 00 00 00 00 00 00 00 00 00 00 00 00 00 03 09 01 8b 00 00 00 00 00 00 00 00 00 00 00 00 00 00 00 00 00 00 00 00 00 00 00 00 00 00 00 00 00 00 00 00 00 00 00 00 00 00 00 
0x0fc0 : 00 00 00 00 00 00 00 00 00 00 00 00 00 00 00 00 00 00 00 00 00 00 00 00 00 00 00 00 00 00 00 00 00 00 00 00 00 00 00 00 00 00 00 00 00 00 00 00 00 00 00 00 00 03 09 01 8b 00 00 00 00 00 00 00 
